0	-0.890773	-0.890773	-0.890773
1	-0.890367	-0.890096	-0.890006
2	-0.889149	-0.888066	-0.887706
3	-0.887121	-0.884688	-0.883880
4	-0.884288	-0.879971	-0.878536
5	-0.880655	-0.873926	-0.871688
6	-0.876229	-0.866568	-0.863352
7	-0.871017	-0.857915	-0.853550
8	-0.865029	-0.847987	-0.842304
9	-0.858277	-0.836809	-0.829643
10	-0.850774	-0.824409	-0.815598
11	-0.842532	-0.810815	-0.800202
12	-0.833568	-0.796061	-0.783494
13	-0.823898	-0.780184	-0.765515
14	-0.813539	-0.763220	-0.746307
15	-0.802512	-0.745211	-0.725917
16	-0.790836	-0.726200	-0.704396
17	-0.778532	-0.706234	-0.681795
18	-0.765623	-0.685358	-0.658169
19	-0.752133	-0.663625	-0.633574
20	-0.738086	-0.641085	-0.608070
21	-0.723507	-0.617791	-0.581718
22	-0.708423	-0.593799	-0.554582
23	-0.692861	-0.569166	-0.526724
24	-0.676849	-0.543949	-0.498213
25	-0.660414	-0.518208	-0.469115
26	-0.643587	-0.492002	-0.439499
27	-0.626396	-0.465392	-0.409434
28	-0.608872	-0.438439	-0.378992
29	-0.591046	-0.411207	-0.348242
30	-0.572947	-0.383755	-0.317256
31	-0.554608	-0.356149	-0.286105
32	-0.536060	-0.328448	-0.254861
33	-0.517333	-0.300716	-0.223596
34	-0.498460	-0.273015	-0.192379
35	-0.479471	-0.245405	-0.161281
36	-0.460399	-0.217947	-0.130372
37	-0.441274	-0.190701	-0.099719
38	-0.422127	-0.163725	-0.069391
39	-0.402990	-0.137077	-0.039453
40	-0.383892	-0.110812	-0.009970
41	-0.364863	-0.084987	0.018995
42	-0.345933	-0.059653	0.047382
43	-0.327131	-0.034862	0.075130
44	-0.308485	-0.010663	0.102184
45	-0.290022	0.012896	0.128489
46	-0.271770	0.035770	0.153991
47	-0.253755	0.057916	0.178643
48	-0.236001	0.079292	0.202395
49	-0.218535	0.099862	0.225204
50	-0.201378	0.119588	0.247029
51	-0.184554	0.138438	0.267830
52	-0.168084	0.156381	0.287572
53	-0.151989	0.173390	0.306224
54	-0.136288	0.189438	0.323755
55	-0.120999	0.204504	0.340139
56	-0.106141	0.218569	0.355354
57	-0.091728	0.231616	0.369380
58	-0.077776	0.243632	0.382202
59	-0.064299	0.254605	0.393806
60	-0.051308	0.264528	0.404183
61	-0.038816	0.273397	0.413327
62	-0.026831	0.281210	0.421235
63	-0.015364	0.287967	0.427908
64	-0.004420	0.293673	0.433351
65	0.005993	0.298333	0.437569
66	0.015870	0.301959	0.440574
67	0.025209	0.304561	0.442379
68	0.034006	0.306156	0.443001
69	0.042260	0.306759	0.442459
70	0.049971	0.306392	0.440775
71	0.057140	0.305076	0.437976
72	0.063770	0.302837	0.434090
73	0.069865	0.299701	0.429146
74	0.075428	0.295697	0.423178
75	0.080465	0.290856	0.416222
76	0.084984	0.285212	0.408315
77	0.088992	0.278800	0.399498
78	0.092497	0.271655	0.389812
79	0.095511	0.263815	0.379301
80	0.098042	0.255321	0.368010
81	0.100103	0.246213	0.355986
82	0.101707	0.236532	0.343278
83	0.102866	0.226322	0.329935
84	0.103594	0.215627	0.316007
85	0.103906	0.204489	0.301547
86	0.103817	0.192956	0.286606
87	0.103343	0.181071	0.271238
88	0.102500	0.168881	0.255495
89	0.101306	0.156432	0.239431
90	0.099777	0.143769	0.223100
91	0.097931	0.130939	0.206555
92	0.095786	0.117986	0.189849
93	0.093361	0.104956	0.173035
94	0.090674	0.091893	0.156167
95	0.087743	0.078841	0.139294
96	0.084588	0.065843	0.122469
97	0.081227	0.052941	0.105741
98	0.077679	0.040176	0.089158
99	0.073964	0.027589	0.072769
100	0.070099	0.015217	0.056619
101	0.066104	0.003098	0.040754
102	0.061996	-0.008732	0.025215
103	0.057795	-0.020239	0.010044
104	0.053519	-0.031390	-0.004718
105	0.049184	-0.042155	-0.019036
106	0.044808	-0.052504	-0.032873
107	0.040408	-0.062411	-0.046197
108	0.036000	-0.071850	-0.058975
109	0.031601	-0.080798	-0.071179
110	0.027226	-0.089233	-0.082782
111	0.022889	-0.097138	-0.093760
112	0.018606	-0.104493	-0.104092
113	0.014390	-0.111286	-0.113757
114	0.010254	-0.117502	-0.122739
115	0.006210	-0.123132	-0.131023
116	0.002271	-0.128167	-0.138597
117	-0.001553	-0.132601	-0.145453
118	-0.005250	-0.136430	-0.151582
119	-0.008813	-0.139652	-0.156980
120	-0.012230	-0.142266	-0.161646
121	-0.015495	-0.144277	-0.165579
122	-0.018599	-0.145687	-0.168783
123	-0.021536	-0.146503	-0.171262
124	-0.024301	-0.146734	-0.173024
125	-0.026887	-0.146389	-0.174079
126	-0.029290	-0.145481	-0.174438
127	-0.031508	-0.144024	-0.174115
128	-0.033536	-0.142032	-0.173127
129	-0.035372	-0.139524	-0.171491
130	-0.037016	-0.136518	-0.169227
131	-0.038465	-0.133033	-0.166356
132	-0.039721	-0.129093	-0.162903
133	-0.040784	-0.124718	-0.158891
134	-0.041655	-0.119934	-0.154347
135	-0.042336	-0.114765	-0.149299
136	-0.042829	-0.109238	-0.143775
137	-0.043139	-0.103379	-0.137806
138	-0.043267	-0.097215	-0.131422
139	-0.043220	-0.090776	-0.124655
140	-0.043001	-0.084090	-0.117539
141	-0.042615	-0.077187	-0.110106
142	-0.042070	-0.070095	-0.102390
143	-0.041370	-0.062846	-0.094425
144	-0.040522	-0.055468	-0.086247
145	-0.039534	-0.047993	-0.077889
146	-0.038412	-0.040449	-0.069386
147	-0.037165	-0.032867	-0.060774
148	-0.035800	-0.025276	-0.052086
149	-0.034325	-0.017704	-0.043356
150	-0.032749	-0.010182	-0.034619
151	-0.031080	-0.002735	-0.025907
152	-0.029327	0.004607	-0.017253
153	-0.027499	0.011820	-0.008688
154	-0.025604	0.018877	-0.000244
155	-0.023651	0.025753	0.008049
156	-0.021650	0.032426	0.016163
157	-0.019608	0.038873	0.024071
158	-0.017536	0.045071	0.031744
159	-0.015441	0.051001	0.039159
160	-0.013332	0.056645	0.046290
161	-0.011218	0.061984	0.053117
162	-0.009108	0.067003	0.059617
163	-0.007008	0.071686	0.065771
164	-0.004928	0.076021	0.071562
165	-0.002874	0.079995	0.076972
166	-0.000854	0.083598	0.081988
167	0.001124	0.086822	0.086597
168	0.003055	0.089659	0.090787
169	0.004930	0.092103	0.094548
170	0.006745	0.094151	0.097874
171	0.008494	0.095799	0.100758
172	0.010171	0.097047	0.103195
173	0.011771	0.097894	0.105184
174	0.013289	0.098344	0.106723
175	0.014722	0.098400	0.107814
176	0.016065	0.098065	0.108459
177	0.017315	0.097347	0.108661
178	0.018469	0.096254	0.108428
179	0.019525	0.094793	0.107766
180	0.020480	0.092977	0.106684
181	0.021333	0.090815	0.105192
182	0.022081	0.088320	0.103303
183	0.022726	0.085507	0.101029
184	0.023265	0.082391	0.098385
185	0.023700	0.078986	0.095385
186	0.024029	0.075310	0.092048
187	0.024255	0.071380	0.088389
188	0.024378	0.067214	0.084430
189	0.024400	0.062832	0.080188
190	0.024322	0.058253	0.075684
191	0.024148	0.053497	0.070939
192	0.023878	0.048585	0.065976
193	0.023517	0.043537	0.060816
194	0.023067	0.038375	0.055483
195	0.022531	0.033120	0.049999
196	0.021914	0.027794	0.044387
197	0.021220	0.022418	0.038672
198	0.020452	0.017013	0.032877
199	0.019616	0.011602	0.027026
200	0.018714	0.006204	0.021143
201	0.017753	0.000842	0.015250
202	0.016738	-0.004465	0.009371
203	0.015672	-0.009696	0.003529
204	0.014562	-0.014832	-0.002253
205	0.013412	-0.019854	-0.007955
206	0.012228	-0.024744	-0.013553
207	0.011015	-0.029483	-0.019029
208	0.009779	-0.034056	-0.024361
209	0.008524	-0.038445	-0.029531
210	0.007256	-0.042636	-0.034520
211	0.005980	-0.046615	-0.039311
212	0.004702	-0.050368	-0.043888
213	0.003427	-0.053882	-0.048235
214	0.002159	-0.057147	-0.052337
215	0.000904	-0.060153	-0.056182
216	-0.000334	-0.062890	-0.059757
217	-0.001550	-0.065350	-0.063051
218	-0.002740	-0.067527	-0.066055
219	-0.003898	-0.069414	-0.068761
220	-0.005022	-0.071008	-0.071160
221	-0.006107	-0.072305	-0.073248
222	-0.007150	-0.073303	-0.075019
223	-0.008146	-0.074001	-0.076470
224	-0.009094	-0.074399	-0.077599
225	-0.009989	-0.074498	-0.078405
226	-0.010829	-0.074302	-0.078888
227	-0.011612	-0.073813	-0.079050
228	-0.012335	-0.073036	-0.078895
229	-0.012997	-0.071978	-0.078425
230	-0.013595	-0.070645	-0.077647
231	-0.014128	-0.069044	-0.076566
232	-0.014596	-0.067185	-0.075190
233	-0.014997	-0.065077	-0.073528
234	-0.015331	-0.062731	-0.071590
235	-0.015597	-0.060159	-0.069385
236	-0.015796	-0.057371	-0.066926
237	-0.015927	-0.054382	-0.064224
238	-0.015992	-0.051205	-0.061293
239	-0.015990	-0.047854	-0.058147
240	-0.015923	-0.044343	-0.054801
241	-0.015792	-0.040688	-0.051269
242	-0.015599	-0.036905	-0.047568
243	-0.015345	-0.033009	-0.043714
244	-0.015032	-0.029017	-0.039723
245	-0.014662	-0.024946	-0.035613
246	-0.014238	-0.020811	-0.031402
247	-0.013762	-0.016629	-0.027106
248	-0.013236	-0.012418	-0.022743
249	-0.012665	-0.008195	-0.018333
250	-0.012049	-0.003975	-0.013891
251	-0.011393	0.000225	-0.009437
252	-0.010700	0.004387	-0.004988
253	-0.009973	0.008497	-0.000562
254	-0.009215	0.012539	0.003825
255	-0.008431	0.016497	0.008155
256	-0.007622	0.020357	0.012412
257	-0.006794	0.024103	0.016579
258	-0.005949	0.027724	0.020641
259	-0.005092	0.031204	0.024583
260	-0.004225	0.034533	0.028390
261	-0.003353	0.037697	0.032049
262	-0.002479	0.040686	0.035546
263	-0.001606	0.043490	0.038870
264	-0.000739	0.046099	0.042007
265	0.000120	0.048505	0.044949
266	0.000967	0.050699	0.047684
267	0.001799	0.052674	0.050205
268	0.002613	0.054426	0.052502
269	0.003406	0.055948	0.054569
270	0.004175	0.057237	0.056400
271	0.004916	0.058289	0.057989
272	0.005628	0.059102	0.059332
273	0.006308	0.059675	0.060427
274	0.006953	0.060007	0.061271
275	0.007562	0.060099	0.061862
276	0.008133	0.059952	0.062201
277	0.008663	0.059569	0.062289
278	0.009151	0.058953	0.062127
279	0.009596	0.058108	0.061718
280	0.009996	0.057040	0.061066
281	0.010350	0.055754	0.060175
282	0.010657	0.054257	0.059052
283	0.010918	0.052557	0.057701
284	0.011131	0.050661	0.056132
285	0.011295	0.048578	0.054350
286	0.011412	0.046319	0.052367
287	0.011481	0.043893	0.050190
288	0.011501	0.041312	0.047830
289	0.011475	0.038585	0.045299
290	0.011403	0.035726	0.042607
291	0.011284	0.032746	0.039766
292	0.011121	0.029658	0.036789
293	0.010915	0.026475	0.033689
294	0.010666	0.023210	0.030478
295	0.010377	0.019877	0.027172
296	0.010049	0.016488	0.023782
297	0.009683	0.013059	0.020325
298	0.009283	0.009602	0.016813
299	0.008849	0.006131	0.013261
300	0.008384	0.002660	0.009683
301	0.007890	-0.000796	0.006095
302	0.007369	-0.004226	0.002510
303	0.006824	-0.007615	-0.001058
304	0.006258	-0.010950	-0.004595
305	0.005672	-0.014219	-0.008087
306	0.005070	-0.017409	-0.011520
307	0.004454	-0.020508	-0.014881
308	0.003826	-0.023506	-0.018157
309	0.003190	-0.026389	-0.021337
310	0.002547	-0.029149	-0.024408
311	0.001902	-0.031775	-0.027359
312	0.001255	-0.034257	-0.030179
313	0.000611	-0.036587	-0.032858
314	-0.000029	-0.038757	-0.035386
315	-0.000663	-0.040759	-0.037754
316	-0.001286	-0.042586	-0.039955
317	-0.001898	-0.044233	-0.041980
318	-0.002495	-0.045694	-0.043823
319	-0.003076	-0.046964	-0.045478
320	-0.003638	-0.048040	-0.046940
321	-0.004180	-0.048919	-0.048204
322	-0.004699	-0.049599	-0.049267
323	-0.005193	-0.050078	-0.050126
324	-0.005661	-0.050356	-0.050778
325	-0.006101	-0.050433	-0.051224
326	-0.006511	-0.050310	-0.051462
327	-0.006891	-0.049989	-0.051493
328	-0.007239	-0.049472	-0.051319
329	-0.007553	-0.048762	-0.050941
330	-0.007834	-0.047864	-0.050362
331	-0.008080	-0.046782	-0.049587
332	-0.008291	-0.045522	-0.048619
333	-0.008465	-0.044090	-0.047464
334	-0.008604	-0.042492	-0.046127
335	-0.008705	-0.040737	-0.044615
336	-0.008771	-0.038831	-0.042936
337	-0.008800	-0.036783	-0.041097
338	-0.008793	-0.034602	-0.039106
339	-0.008750	-0.032298	-0.036972
340	-0.008672	-0.029880	-0.034706
341	-0.008559	-0.027358	-0.032315
342	-0.008412	-0.024744	-0.029812
343	-0.008233	-0.022048	-0.027207
344	-0.008022	-0.019281	-0.024510
345	-0.007780	-0.016454	-0.021732
346	-0.007508	-0.013580	-0.018887
347	-0.007209	-0.010668	-0.015984
348	-0.006883	-0.007732	-0.013037
349	-0.006532	-0.004783	-0.010056
350	-0.006158	-0.001833	-0.007055
351	-0.005763	0.001107	-0.004044
352	-0.005347	0.004026	-0.001037
353	-0.004914	0.006911	0.001955
354	-0.004465	0.009752	0.004921
355	-0.004001	0.012538	0.007848
356	-0.003526	0.015258	0.010726
357	-0.003040	0.017902	0.013543
358	-0.002547	0.020459	0.016288
359	-0.002048	0.022921	0.018952
360	-0.001545	0.025278	0.021523
361	-0.001040	0.027522	0.023993
362	-0.000536	0.029643	0.026352
363	-0.000034	0.031636	0.028591
364	0.000464	0.033492	0.030703
365	0.000955	0.035205	0.032679
366	0.001438	0.036769	0.034514
367	0.001911	0.038178	0.036199
368	0.002372	0.039429	0.037731
369	0.002819	0.040517	0.039103
370	0.003250	0.041438	0.040311
371	0.003665	0.042190	0.041351
372	0.004061	0.042772	0.042220
373	0.004437	0.043181	0.042916
374	0.004792	0.043417	0.043437
375	0.005125	0.043479	0.043782
376	0.005433	0.043370	0.043950
377	0.005717	0.043090	0.043942
378	0.005975	0.042641	0.043760
379	0.006206	0.042025	0.043404
380	0.006411	0.041247	0.042878
381	0.006587	0.040310	0.042184
382	0.006735	0.039218	0.041326
383	0.006855	0.037978	0.040308
384	0.006945	0.036593	0.039136
385	0.007007	0.035072	0.037815
386	0.007040	0.033420	0.036351
387	0.007043	0.031645	0.034750
388	0.007018	0.029754	0.033020
389	0.006965	0.027755	0.031169
390	0.006883	0.025657	0.029204
391	0.006775	0.023469	0.027133
392	0.006639	0.021200	0.024967
393	0.006478	0.018858	0.022713
394	0.006292	0.016455	0.020381
395	0.006082	0.013998	0.017981
396	0.005848	0.011500	0.015523
397	0.005593	0.008969	0.013017
398	0.005317	0.006415	0.010473
399	0.005021	0.003849	0.007901
400	0.004708	0.001282	0.005312
401	0.004378	-0.001278	0.002716
402	0.004032	-0.003819	0.000123
403	0.003673	-0.006332	-0.002457
404	0.003302	-0.008808	-0.005012
405	0.002920	-0.011236	-0.007534
406	0.002530	-0.013607	-0.010012
407	0.002132	-0.015912	-0.012437
408	0.001729	-0.018143	-0.014799
409	0.001321	-0.020291	-0.017090
410	0.000912	-0.022348	-0.019301
411	0.000502	-0.024306	-0.021424
412	0.000093	-0.026158	-0.023449
413	-0.000313	-0.027898	-0.025371
414	-0.000715	-0.029519	-0.027182
415	-0.001111	-0.031015	-0.028875
416	-0.001500	-0.032380	-0.030445
417	-0.001879	-0.033612	-0.031885
418	-0.002248	-0.034704	-0.033191
419	-0.002605	-0.035653	-0.034358
420	-0.002948	-0.036457	-0.035382
421	-0.003278	-0.037113	-0.036260
422	-0.003591	-0.037619	-0.036990
423	-0.003888	-0.037974	-0.037569
424	-0.004166	-0.038177	-0.037995
425	-0.004426	-0.038228	-0.038268
426	-0.004665	-0.038128	-0.038388
427	-0.004884	-0.037877	-0.038354
428	-0.005082	-0.037478	-0.038168
429	-0.005257	-0.036933	-0.037832
430	-0.005410	-0.036244	-0.037346
431	-0.005540	-0.035415	-0.036714
432	-0.005646	-0.034450	-0.035940
433	-0.005728	-0.033354	-0.035027
434	-0.005787	-0.032131	-0.033979
435	-0.005822	-0.030786	-0.032801
436	-0.005833	-0.029327	-0.031499
437	-0.005820	-0.027758	-0.030077
438	-0.005784	-0.026087	-0.028544
439	-0.005724	-0.024320	-0.026904
440	-0.005641	-0.022466	-0.025166
441	-0.005537	-0.020531	-0.023336
442	-0.005410	-0.018524	-0.021422
443	-0.005263	-0.016454	-0.019432
444	-0.005095	-0.014327	-0.017375
445	-0.004907	-0.012154	-0.015259
446	-0.004701	-0.009943	-0.013092
447	-0.004477	-0.007703	-0.010884
448	-0.004237	-0.005443	-0.008643
449	-0.003981	-0.003171	-0.006379
450	-0.003711	-0.000897	-0.004100
451	-0.003427	0.001370	-0.001816
452	-0.003132	0.003621	0.000465
453	-0.002825	0.005848	0.002733
454	-0.002510	0.008041	0.004979
455	-0.002186	0.010193	0.007195
456	-0.001856	0.012295	0.009372
457	-0.001520	0.014339	0.011501
458	-0.001180	0.016318	0.013575
459	-0.000838	0.018223	0.015585
460	-0.000495	0.020047	0.017523
461	-0.000152	0.021784	0.019383
462	0.000190	0.023427	0.021158
463	0.000528	0.024970	0.022840
464	0.000862	0.026408	0.024423
465	0.001190	0.027735	0.025902
466	0.001512	0.028947	0.027272
467	0.001825	0.030039	0.028527
468	0.002129	0.031007	0.029662
469	0.002422	0.031849	0.030675
470	0.002703	0.032561	0.031561
471	0.002972	0.033141	0.032318
472	0.003226	0.033588	0.032943
473	0.003467	0.033900	0.033435
474	0.003691	0.034077	0.033791
475	0.003899	0.034118	0.034012
476	0.004090	0.034025	0.034096
477	0.004264	0.033797	0.034045
478	0.004418	0.033436	0.033859
479	0.004554	0.032945	0.033539
480	0.004671	0.032326	0.033087
481	0.004768	0.031582	0.032506
482	0.004845	0.030716	0.031799
483	0.004902	0.029732	0.030968
484	0.004939	0.028635	0.030018
485	0.004955	0.027430	0.028953
486	0.004952	0.026121	0.027778
487	0.004928	0.024714	0.026497
488	0.004884	0.023216	0.025117
489	0.004821	0.021632	0.023643
490	0.004739	0.019969	0.022082
491	0.004638	0.018234	0.020440
492	0.004519	0.016435	0.018724
493	0.004382	0.014577	0.016941
494	0.004229	0.012670	0.015098
495	0.004059	0.010721	0.013203
496	0.003873	0.008737	0.011264
497	0.003674	0.006727	0.009289
498	0.003460	0.004699	0.007285
499	0.003234	0.002660	0.005261
500	0.002996	0.000619	0.003225
501	0.002747	-0.001416	0.001184
502	0.002489	-0.003437	-0.000852
503	0.002222	-0.005436	-0.002877
504	0.001948	-0.007406	-0.004881
505	0.001667	-0.009339	-0.006858
506	0.001381	-0.011226	-0.008800
507	0.001091	-0.013062	-0.010698
508	0.000799	-0.014839	-0.012546
509	0.000505	-0.016550	-0.014336
510	0.000211	-0.018189	-0.016062
511	-0.000083	-0.019750	-0.017717
512	-0.000374	-0.021226	-0.019295
513	-0.000662	-0.022612	-0.020789
514	-0.000946	-0.023904	-0.022195
515	-0.001224	-0.025096	-0.023508
516	-0.001496	-0.026184	-0.024721
517	-0.001761	-0.027165	-0.025831
518	-0.002016	-0.028034	-0.026835
519	-0.002262	-0.028789	-0.027728
520	-0.002498	-0.029427	-0.028507
521	-0.002722	-0.029946	-0.029169
522	-0.002934	-0.030345	-0.029714
523	-0.003133	-0.030623	-0.030138
524	-0.003318	-0.030779	-0.030441
525	-0.003488	-0.030812	-0.030622
526	-0.003644	-0.030723	-0.030680
527	-0.003783	-0.030514	-0.030617
528	-0.003907	-0.030184	-0.030433
529	-0.004014	-0.029737	-0.030128
530	-0.004105	-0.029174	-0.029705
531	-0.004178	-0.028497	-0.029166
532	-0.004234	-0.027711	-0.028514
533	-0.004273	-0.026818	-0.027750
534	-0.004294	-0.025823	-0.026880
535	-0.004298	-0.024729	-0.025907
536	-0.004284	-0.023542	-0.024834
537	-0.004253	-0.022266	-0.023668
538	-0.004205	-0.020907	-0.022412
539	-0.004140	-0.019471	-0.021072
540	-0.004059	-0.017963	-0.019653
541	-0.003962	-0.016389	-0.018163
542	-0.003850	-0.014757	-0.016606
543	-0.003722	-0.013073	-0.014989
544	-0.003580	-0.011343	-0.013319
545	-0.003424	-0.009575	-0.011602
546	-0.003256	-0.007776	-0.009847
547	-0.003075	-0.005953	-0.008058
548	-0.002882	-0.004113	-0.006245
549	-0.002679	-0.002263	-0.004414
550	-0.002466	-0.000412	-0.002573
551	-0.002245	0.001435	-0.000728
552	-0.002015	0.003269	0.001112
553	-0.001779	0.005083	0.002941
554	-0.001536	0.006870	0.004752
555	-0.001289	0.008624	0.006536
556	-0.001037	0.010337	0.008288
557	-0.000783	0.012004	0.010001
558	-0.000527	0.013616	0.011667
559	-0.000270	0.015169	0.013281
560	-0.000013	0.016657	0.014836
561	0.000242	0.018073	0.016327
562	0.000496	0.019413	0.017747
563	0.000746	0.020671	0.019091
564	0.000991	0.021843	0.020355
565	0.001232	0.022924	0.021533
566	0.001466	0.023911	0.022622
567	0.001693	0.024800	0.023616
568	0.001912	0.025588	0.024514
569	0.002122	0.026272	0.025311
570	0.002323	0.026850	0.026004
571	0.002513	0.027319	0.026592
572	0.002693	0.027679	0.027073
573	0.002860	0.027928	0.027444
574	0.003015	0.028066	0.027705
575	0.003157	0.028093	0.027855
576	0.003286	0.028009	0.027894
577	0.003401	0.027814	0.027823
578	0.003501	0.027510	0.027641
579	0.003587	0.027098	0.027351
580	0.003658	0.026581	0.026953
581	0.003714	0.025960	0.026450
582	0.003755	0.025239	0.025843
583	0.003780	0.024421	0.025137
584	0.003790	0.023510	0.024333
585	0.003784	0.022508	0.023436
586	0.003764	0.021421	0.022448
587	0.003728	0.020253	0.021376
588	0.003677	0.019010	0.020223
589	0.003612	0.017695	0.018993
590	0.003533	0.016315	0.017693
591	0.003439	0.014875	0.016327
592	0.003332	0.013382	0.014901
593	0.003213	0.011840	0.013421
594	0.003080	0.010257	0.011893
595	0.002936	0.008639	0.010323
596	0.002781	0.006993	0.008718
597	0.002616	0.005324	0.007084
598	0.002440	0.003640	0.005428
599	0.002256	0.001948	0.003756
600	0.002063	0.000253	0.002075
601	0.001863	-0.001437	0.000391
602	0.001656	-0.003116	-0.001288
603	0.001444	-0.004776	-0.002957
604	0.001227	-0.006412	-0.004607
605	0.001006	-0.008018	-0.006234
606	0.000781	-0.009586	-0.007831
607	0.000555	-0.011111	-0.009391
608	0.000327	-0.012587	-0.010908
609	0.000100	-0.014009	-0.012377
610	-0.000128	-0.015370	-0.013792
611	-0.000353	-0.016667	-0.015147
612	-0.000576	-0.017893	-0.016438
613	-0.000796	-0.019044	-0.017659
614	-0.001012	-0.020116	-0.018806
615	-0.001223	-0.021106	-0.019875
616	-0.001427	-0.022008	-0.020861
617	-0.001625	-0.022821	-0.021761
618	-0.001816	-0.023541	-0.022572
619	-0.001998	-0.024166	-0.023291
620	-0.002172	-0.024693	-0.023915
621	-0.002336	-0.025120	-0.024442
622	-0.002490	-0.025447	-0.024871
623	-0.002633	-0.025673	-0.025199
624	-0.002765	-0.025796	-0.025427
625	-0.002885	-0.025817	-0.025553
626	-0.002993	-0.025736	-0.025577
627	-0.003089	-0.025554	-0.025500
628	-0.003172	-0.025271	-0.025322
629	-0.003241	-0.024889	-0.025045
630	-0.003297	-0.024411	-0.024669
631	-0.003340	-0.023837	-0.024196
632	-0.003369	-0.023171	-0.023629
633	-0.003384	-0.022415	-0.022971
634	-0.003386	-0.021574	-0.022224
635	-0.003374	-0.020650	-0.021391
636	-0.003348	-0.019647	-0.020476
637	-0.003309	-0.018570	-0.019482
638	-0.003257	-0.017423	-0.018415
639	-0.003192	-0.016210	-0.017279
640	-0.003115	-0.014938	-0.016077
641	-0.003025	-0.013610	-0.014816
642	-0.002923	-0.012233	-0.013500
643	-0.002810	-0.010812	-0.012135
644	-0.002686	-0.009353	-0.010726
645	-0.002552	-0.007861	-0.009280
646	-0.002409	-0.006343	-0.007801
647	-0.002256	-0.004804	-0.006296
648	-0.002094	-0.003252	-0.004771
649	-0.001925	-0.001691	-0.003232
650	-0.001749	-0.000129	-0.001685
651	-0.001567	0.001429	-0.000136
652	-0.001379	0.002977	0.001408
653	-0.001186	0.004508	0.002942
654	-0.000989	0.006016	0.004459
655	-0.000789	0.007496	0.005954
656	-0.000587	0.008942	0.007420
657	-0.000383	0.010348	0.008853
658	-0.000179	0.011709	0.010245
659	0.000025	0.013020	0.011593
660	0.000229	0.014275	0.012891
661	0.000430	0.015469	0.014134
662	0.000630	0.016599	0.015316
663	0.000825	0.017660	0.016435
664	0.001017	0.018648	0.017484
665	0.001204	0.019560	0.018461
666	0.001385	0.020391	0.019362
667	0.001560	0.021139	0.020184
668	0.001728	0.021801	0.020923
669	0.001888	0.022376	0.021577
670	0.002040	0.022860	0.022143
671	0.002183	0.023252	0.022620
672	0.002317	0.023551	0.023006
673	0.002441	0.023757	0.023299
674	0.002555	0.023868	0.023499
675	0.002657	0.023884	0.023606
676	0.002749	0.023806	0.023619
677	0.002830	0.023634	0.023538
678	0.002898	0.023369	0.023364
679	0.002955	0.023013	0.023098
680	0.003000	0.022567	0.022742
681	0.003032	0.022033	0.022296
682	0.003052	0.021414	0.021764
683	0.003060	0.020712	0.021147
684	0.003056	0.019930	0.020448
685	0.003039	0.019071	0.019670
686	0.003010	0.018140	0.018817
687	0.002969	0.017140	0.017891
688	0.002916	0.016075	0.016898
689	0.002852	0.014950	0.015841
690	0.002776	0.013769	0.014724
691	0.002690	0.012537	0.013552
692	0.002593	0.011259	0.012330
693	0.002486	0.009941	0.011063
694	0.002370	0.008587	0.009756
695	0.002244	0.007203	0.008414
696	0.002110	0.005795	0.007042
697	0.001968	0.004367	0.005647
698	0.001818	0.002927	0.004234
699	0.001662	0.001479	0.002808
700	0.001500	0.000030	0.001375
701	0.001332	-0.001415	-0.000059
702	0.001160	-0.002851	-0.001489
703	0.000983	-0.004271	-0.002908
704	0.000804	-0.005671	-0.004312
705	0.000621	-0.007043	-0.005694
706	0.000437	-0.008384	-0.007050
707	0.000252	-0.009689	-0.008375
708	0.000067	-0.010951	-0.009662
709	-0.000119	-0.012166	-0.010907
710	-0.000302	-0.013330	-0.012105
711	-0.000484	-0.014438	-0.013252
712	-0.000664	-0.015485	-0.014343
713	-0.000840	-0.016469	-0.015374
714	-0.001012	-0.017384	-0.016341
715	-0.001179	-0.018229	-0.017241
716	-0.001341	-0.018999	-0.018070
717	-0.001497	-0.019691	-0.018825
718	-0.001646	-0.020305	-0.019503
719	-0.001789	-0.020836	-0.020102
720	-0.001923	-0.021283	-0.020620
721	-0.002049	-0.021645	-0.021055
722	-0.002167	-0.021920	-0.021405
723	-0.002276	-0.022109	-0.021669
724	-0.002375	-0.022209	-0.021847
725	-0.002464	-0.022221	-0.021937
726	-0.002542	-0.022146	-0.021941
727	-0.002611	-0.021983	-0.021858
728	-0.002668	-0.021734	-0.021688
729	-0.002715	-0.021399	-0.021433
730	-0.002751	-0.020981	-0.021094
731	-0.002775	-0.020482	-0.020672
732	-0.002788	-0.019902	-0.020170
733	-0.002790	-0.019246	-0.019589
734	-0.002781	-0.018516	-0.018932
735	-0.002761	-0.017714	-0.018203
736	-0.002729	-0.016845	-0.017403
737	-0.002687	-0.015911	-0.016536
738	-0.002634	-0.014917	-0.015607
739	-0.002571	-0.013867	-0.014618
740	-0.002498	-0.012765	-0.013574
741	-0.002414	-0.011616	-0.012479
742	-0.002322	-0.010424	-0.011338
743	-0.002220	-0.009194	-0.010155
744	-0.002110	-0.007931	-0.008936
745	-0.001992	-0.006640	-0.007684
746	-0.001866	-0.005326	-0.006405
747	-0.001734	-0.003995	-0.005105
748	-0.001594	-0.002652	-0.003788
749	-0.001449	-0.001302	-0.002459
750	-0.001299	0.000050	-0.001124
751	-0.001143	0.001398	0.000211
752	-0.000984	0.002737	0.001542
753	-0.000821	0.004061	0.002863
754	-0.000656	0.005366	0.004169
755	-0.000488	0.006646	0.005455
756	-0.000320	0.007896	0.006716
757	-0.000150	0.009112	0.007947
758	0.000020	0.010289	0.009144
759	0.000189	0.011422	0.010300
760	0.000356	0.012506	0.011413
761	0.000522	0.013539	0.012478
762	0.000685	0.014515	0.013490
763	0.000844	0.015432	0.014447
764	0.001000	0.016285	0.015343
765	0.001151	0.017071	0.016177
766	0.001297	0.017788	0.016944
767	0.001438	0.018433	0.017642
768	0.001572	0.019003	0.018268
769	0.001699	0.019496	0.018820
770	0.001819	0.019912	0.019297
771	0.001932	0.020247	0.019695
772	0.002036	0.020502	0.020015
773	0.002132	0.020675	0.020255
774	0.002219	0.020766	0.020413
775	0.002297	0.020775	0.020491
776	0.002365	0.020702	0.020487
777	0.002423	0.020547	0.020402
778	0.002472	0.020311	0.020237
779	0.002511	0.019996	0.019992
780	0.002539	0.019603	0.019668
781	0.002557	0.019133	0.019268
782	0.002565	0.018588	0.018792
783	0.002562	0.017972	0.018243
784	0.002550	0.017287	0.017624
785	0.002527	0.016534	0.016936
786	0.002494	0.015719	0.016183
787	0.002451	0.014843	0.015368
788	0.002398	0.013911	0.014494
789	0.002336	0.012927	0.013565
790	0.002265	0.011894	0.012585
791	0.002185	0.010816	0.011558
792	0.002096	0.009699	0.010487
793	0.002000	0.008546	0.009378
794	0.001895	0.007362	0.008234
795	0.001784	0.006153	0.007061
796	0.001665	0.004922	0.005863
797	0.001540	0.003674	0.004645
798	0.001410	0.002416	0.003412
799	0.001274	0.001151	0.002168
800	0.001134	-0.000116	0.000919
801	0.000989	-0.001379	-0.000331
802	0.000841	-0.002633	-0.001576
803	0.000690	-0.003873	-0.002811
804	0.000537	-0.005095	-0.004033
805	0.000382	-0.006294	-0.005235
806	0.000226	-0.007466	-0.006413
807	0.000070	-0.008604	-0.007564
808	-0.000086	-0.009706	-0.008681
809	-0.000242	-0.010767	-0.009761
810	-0.000395	-0.011783	-0.010800
811	-0.000547	-0.012749	-0.011793
812	-0.000696	-0.013663	-0.012737
813	-0.000842	-0.014521	-0.013628
814	-0.000984	-0.015319	-0.014464
815	-0.001122	-0.016054	-0.015240
816	-0.001255	-0.016725	-0.015953
817	-0.001382	-0.017327	-0.016602
818	-0.001503	-0.017860	-0.017183
819	-0.001618	-0.018321	-0.017695
820	-0.001726	-0.018708	-0.018136
821	-0.001827	-0.019021	-0.018503
822	-0.001920	-0.019258	-0.018797
823	-0.002006	-0.019418	-0.019015
824	-0.002083	-0.019501	-0.019158
825	-0.002151	-0.019506	-0.019225
826	-0.002211	-0.019435	-0.019215
827	-0.002261	-0.019287	-0.019129
828	-0.002303	-0.019063	-0.018968
829	-0.002335	-0.018765	-0.018732
830	-0.002357	-0.018393	-0.018423
831	-0.002370	-0.017949	-0.018041
832	-0.002374	-0.017436	-0.017589
833	-0.002368	-0.016854	-0.017069
834	-0.002352	-0.016208	-0.016482
835	-0.002327	-0.015499	-0.015831
836	-0.002293	-0.014731	-0.015120
837	-0.002250	-0.013907	-0.014350
838	-0.002198	-0.013029	-0.013526
839	-0.002137	-0.012102	-0.012650
840	-0.002068	-0.011130	-0.011726
841	-0.001991	-0.010116	-0.010757
842	-0.001906	-0.009064	-0.009749
843	-0.001814	-0.007979	-0.008705
844	-0.001714	-0.006865	-0.007628
845	-0.001609	-0.005727	-0.006524
846	-0.001497	-0.004569	-0.005397
847	-0.001379	-0.003395	-0.004251
848	-0.001256	-0.002211	-0.003092
849	-0.001129	-0.001021	-0.001922
850	-0.000997	0.000170	-0.000748
851	-0.000862	0.001358	0.000426
852	-0.000724	0.002538	0.001595
853	-0.000583	0.003704	0.002756
854	-0.000440	0.004854	0.003903
855	-0.000296	0.005981	0.005032
856	-0.000151	0.007083	0.006138
857	-0.000006	0.008153	0.007217
858	0.000138	0.009189	0.008265
859	0.000282	0.010187	0.009278
860	0.000424	0.011141	0.010251
861	0.000564	0.012050	0.011182
862	0.000701	0.012908	0.012066
863	0.000835	0.013714	0.012901
864	0.000966	0.014464	0.013682
865	0.001092	0.015155	0.014408
866	0.001213	0.015784	0.015075
867	0.001329	0.016349	0.015680
868	0.001440	0.016849	0.016222
869	0.001544	0.017281	0.016699
870	0.001642	0.017644	0.017109
871	0.001734	0.017936	0.017449
872	0.001818	0.018157	0.017720
873	0.001894	0.018305	0.017921
874	0.001963	0.018381	0.018050
875	0.002023	0.018384	0.018107
876	0.002076	0.018314	0.018092
877	0.002119	0.018172	0.018006
878	0.002155	0.017959	0.017849
879	0.002181	0.017675	0.017621
880	0.002199	0.017323	0.017325
881	0.002208	0.016902	0.016960
882	0.002208	0.016416	0.016530
883	0.002199	0.015866	0.016035
884	0.002182	0.015254	0.015477
885	0.002155	0.014584	0.014860
886	0.002121	0.013858	0.014185
887	0.002077	0.013078	0.013456
888	0.002026	0.012249	0.012675
889	0.001967	0.011373	0.011846
890	0.001900	0.010454	0.010972
891	0.001825	0.009496	0.010056
892	0.001744	0.008503	0.009103
893	0.001656	0.007478	0.008116
894	0.001561	0.006427	0.007099
895	0.001460	0.005352	0.006056
896	0.001354	0.004258	0.004992
897	0.001243	0.003150	0.003910
898	0.001127	0.002032	0.002816
899	0.001007	0.000909	0.001713
900	0.000883	-0.000216	0.000605
901	0.000756	-0.001337	-0.000502
902	0.000626	-0.002451	-0.001605
903	0.000494	-0.003552	-0.002699
904	0.000360	-0.004637	-0.003780
905	0.000226	-0.005701	-0.004844
906	0.000091	-0.006740	-0.005886
907	-0.000044	-0.007750	-0.006902
908	-0.000179	-0.008728	-0.007889
909	-0.000313	-0.009668	-0.008842
910	-0.000444	-0.010569	-0.009758
911	-0.000574	-0.011426	-0.010634
912	-0.000701	-0.012235	-0.011465
913	-0.000825	-0.012995	-0.012250
914	-0.000946	-0.013702	-0.012984
915	-0.001062	-0.014352	-0.013665
916	-0.001174	-0.014945	-0.014290
917	-0.001280	-0.015478	-0.014858
918	-0.001382	-0.015948	-0.015366
919	-0.001477	-0.016354	-0.015811
920	-0.001566	-0.016695	-0.016193
921	-0.001649	-0.016969	-0.016511
922	-0.001725	-0.017175	-0.016762
923	-0.001794	-0.017313	-0.016946
924	-0.001856	-0.017383	-0.017063
925	-0.001910	-0.017383	-0.017112
926	-0.001956	-0.017315	-0.017094
927	-0.001994	-0.017179	-0.017008
928	-0.002025	-0.016975	-0.016854
929	-0.002047	-0.016705	-0.016635
930	-0.002060	-0.016369	-0.016350
931	-0.002066	-0.015969	-0.016001
932	-0.002063	-0.015507	-0.015589
933	-0.002052	-0.014985	-0.015117
934	-0.002033	-0.014405	-0.014586
935	-0.002006	-0.013769	-0.013998
936	-0.001971	-0.013080	-0.013357
937	-0.001928	-0.012341	-0.012664
938	-0.001877	-0.011554	-0.011922
939	-0.001819	-0.010724	-0.011135
940	-0.001754	-0.009853	-0.010305
941	-0.001683	-0.008946	-0.009437
942	-0.001604	-0.008004	-0.008533
943	-0.001519	-0.007033	-0.007597
944	-0.001429	-0.006037	-0.006633
945	-0.001333	-0.005018	-0.005645
946	-0.001232	-0.003983	-0.004637
947	-0.001126	-0.002933	-0.003613
948	-0.001016	-0.001874	-0.002576
949	-0.000903	-0.000810	-0.001532
950	-0.000786	0.000255	-0.000484
951	-0.000666	0.001317	0.000564
952	-0.000544	0.002371	0.001607
953	-0.000420	0.003413	0.002642
954	-0.000294	0.004440	0.003664
955	-0.000168	0.005448	0.004670
956	-0.000041	0.006431	0.005655
957	0.000085	0.007388	0.006615
958	0.000211	0.008313	0.007547
959	0.000336	0.009203	0.008448
960	0.000459	0.010055	0.009313
961	0.000580	0.010865	0.010139
962	0.000698	0.011631	0.010924
963	0.000813	0.012350	0.011663
964	0.000925	0.013018	0.012355
965	0.001033	0.013633	0.012997
966	0.001136	0.014193	0.013586
967	0.001234	0.014696	0.014120
968	0.001328	0.015140	0.014596
969	0.001415	0.015523	0.015015
970	0.001497	0.015844	0.015373
971	0.001573	0.016102	0.015669
972	0.001642	0.016295	0.015903
973	0.001705	0.016424	0.016073
974	0.001760	0.016488	0.016180
975	0.001809	0.016487	0.016222
976	0.001850	0.016420	0.016200
977	0.001883	0.016289	0.016114
978	0.001909	0.016093	0.015965
979	0.001928	0.015835	0.015752
980	0.001938	0.015514	0.015478
981	0.001941	0.015133	0.015143
982	0.001936	0.014693	0.014749
983	0.001923	0.014195	0.014297
984	0.001903	0.013643	0.013790
985	0.001875	0.013038	0.013230
986	0.001840	0.012383	0.012618
987	0.001797	0.011680	0.011957
988	0.001747	0.010932	0.011251
989	0.001691	0.010143	0.010501
990	0.001628	0.009315	0.009712
991	0.001558	0.008452	0.008886
992	0.001483	0.007558	0.008026
993	0.001402	0.006635	0.007136
994	0.001315	0.005688	0.006220
995	0.001223	0.004721	0.005281
996	0.001127	0.003737	0.004324
997	0.001026	0.002740	0.003351
998	0.000922	0.001734	0.002367
999	0.000814	0.000723	0.001375
1000	0.000703	-0.000288	0.000380
1001	0.000589	-0.001296	-0.000614
1002	0.000474	-0.002297	-0.001604
1003	0.000357	-0.003287	-0.002586
1004	0.000239	-0.004262	-0.003555
1005	0.000120	-0.005218	-0.004509
1006	0.000000	-0.006152	-0.005442
1007	-0.000118	-0.007060	-0.006353
1008	-0.000237	-0.007937	-0.007236
1009	-0.000353	-0.008782	-0.008089
1010	-0.000469	-0.009591	-0.008908
1011	-0.000582	-0.010359	-0.009690
1012	-0.000692	-0.011086	-0.010433
1013	-0.000800	-0.011767	-0.011132
1014	-0.000904	-0.012401	-0.011786
1015	-0.001004	-0.012984	-0.012393
1016	-0.001100	-0.013514	-0.012949
1017	-0.001191	-0.013991	-0.013453
1018	-0.001277	-0.014411	-0.013902
1019	-0.001359	-0.014773	-0.014296
1020	-0.001434	-0.015077	-0.014632
1021	-0.001504	-0.015320	-0.014910
1022	-0.001567	-0.015502	-0.015128
1023	-0.001624	-0.015622	-0.015286
1024	-0.001674	-0.015681	-0.015384
1025	-0.001718	-0.015678	-0.015420
1026	-0.001754	-0.015612	-0.015395
1027	-0.001784	-0.015485	-0.015310
1028	-0.001806	-0.015298	-0.015164
1029	-0.001821	-0.015050	-0.014958
1030	-0.001829	-0.014743	-0.014694
1031	-0.001830	-0.014379	-0.014372
1032	-0.001823	-0.013958	-0.013993
1033	-0.001809	-0.013483	-0.013561
1034	-0.001787	-0.012956	-0.013075
1035	-0.001759	-0.012379	-0.012539
1036	-0.001724	-0.011754	-0.011954
1037	-0.001682	-0.011084	-0.011323
1038	-0.001633	-0.010371	-0.010649
1039	-0.001578	-0.009619	-0.009933
1040	-0.001517	-0.008830	-0.009180
1041	-0.001449	-0.008008	-0.008392
1042	-0.001377	-0.007155	-0.007573
1043	-0.001298	-0.006276	-0.006725
1044	-0.001215	-0.005374	-0.005852
1045	-0.001127	-0.004453	-0.004957
1046	-0.001035	-0.003516	-0.004045
1047	-0.000939	-0.002566	-0.003119
1048	-0.000840	-0.001609	-0.002182
1049	-0.000737	-0.000646	-0.001238
1050	-0.000632	0.000316	-0.000291
1051	-0.000524	0.001276	0.000655
1052	-0.000414	0.002229	0.001597
1053	-0.000304	0.003172	0.002531
1054	-0.000192	0.004100	0.003453
1055	-0.000079	0.005010	0.004359
1056	0.000033	0.005898	0.005246
1057	0.000145	0.006762	0.006111
1058	0.000257	0.007597	0.006951
1059	0.000367	0.008400	0.007761
1060	0.000475	0.009169	0.008539
1061	0.000581	0.009901	0.009281
1062	0.000685	0.010591	0.009986
1063	0.000785	0.011239	0.010649
1064	0.000883	0.011841	0.011269
1065	0.000976	0.012395	0.011844
1066	0.001066	0.012899	0.012371
1067	0.001151	0.013351	0.012847
1068	0.001231	0.013750	0.013272
1069	0.001306	0.014094	0.013644
1070	0.001376	0.014381	0.013961
1071	0.001440	0.014611	0.014222
1072	0.001498	0.014782	0.014427
1073	0.001550	0.014896	0.014574
1074	0.001596	0.014950	0.014663
1075	0.001636	0.014944	0.014694
1076	0.001668	0.014880	0.014667
1077	0.001695	0.014758	0.014582
1078	0.001714	0.014577	0.014439
1079	0.001726	0.014339	0.014240
1080	0.001732	0.014044	0.013984
1081	0.001730	0.013695	0.013674
1082	0.001722	0.013293	0.013311
1083	0.001707	0.012838	0.012895
1084	0.001685	0.012334	0.012429
1085	0.001656	0.011782	0.011915
1086	0.001621	0.011184	0.011355
1087	0.001579	0.010544	0.010751
1088	0.001532	0.009863	0.010105
1089	0.001478	0.009144	0.009421
1090	0.001418	0.008390	0.008701
1091	0.001353	0.007605	0.007948
1092	0.001283	0.006791	0.007165
1093	0.001208	0.005952	0.006354
1094	0.001128	0.005091	0.005521
1095	0.001044	0.004211	0.004667
1096	0.000955	0.003316	0.003796
1097	0.000863	0.002410	0.002911
1098	0.000768	0.001496	0.002017
1099	0.000670	0.000578	0.001117
1100	0.000570	-0.000341	0.000213
1101	0.000467	-0.001257	-0.000689
1102	0.000363	-0.002166	-0.001587
1103	0.000258	-0.003065	-0.002477
1104	0.000152	-0.003951	-0.003356
1105	0.000045	-0.004819	-0.004220
1106	-0.000061	-0.005666	-0.005065
1107	-0.000167	-0.006490	-0.005889
1108	-0.000273	-0.007286	-0.006688
1109	-0.000376	-0.008052	-0.007460
1110	-0.000478	-0.008785	-0.008200
1111	-0.000578	-0.009482	-0.008907
1112	-0.000676	-0.010141	-0.009577
1113	-0.000771	-0.010758	-0.010208
1114	-0.000862	-0.011331	-0.010797
1115	-0.000950	-0.011859	-0.011343
1116	-0.001033	-0.012339	-0.011843
1117	-0.001113	-0.012769	-0.012295
1118	-0.001188	-0.013148	-0.012698
1119	-0.001258	-0.013474	-0.013050
1120	-0.001322	-0.013747	-0.013349
1121	-0.001382	-0.013965	-0.013596
1122	-0.001436	-0.014127	-0.013788
1123	-0.001483	-0.014234	-0.013925
1124	-0.001525	-0.014283	-0.014007
1125	-0.001561	-0.014277	-0.014033
1126	-0.001591	-0.014214	-0.014004
1127	-0.001614	-0.014095	-0.013920
1128	-0.001630	-0.013920	-0.013780
1129	-0.001640	-0.013691	-0.013587
1130	-0.001644	-0.013408	-0.013340
1131	-0.001641	-0.013073	-0.013040
1132	-0.001631	-0.012686	-0.012690
1133	-0.001615	-0.012251	-0.012290
1134	-0.001593	-0.011767	-0.011843
1135	-0.001564	-0.011238	-0.011349
1136	-0.001529	-0.010666	-0.010811
1137	-0.001488	-0.010052	-0.010232
1138	-0.001441	-0.009400	-0.009613
1139	-0.001389	-0.008712	-0.008957
1140	-0.001331	-0.007990	-0.008267
1141	-0.001268	-0.007239	-0.007546
1142	-0.001200	-0.006460	-0.006795
1143	-0.001127	-0.005657	-0.006020
1144	-0.001050	-0.004833	-0.005222
1145	-0.000969	-0.003991	-0.004405
1146	-0.000885	-0.003135	-0.003571
1147	-0.000797	-0.002268	-0.002726
1148	-0.000706	-0.001394	-0.001870
1149	-0.000612	-0.000516	-0.001009
1150	-0.000516	0.000363	-0.000146
1151	-0.000418	0.001239	0.000717
1152	-0.000319	0.002108	0.001575
1153	-0.000219	0.002967	0.002425
1154	-0.000118	0.003814	0.003265
1155	-0.000016	0.004644	0.004090
1156	0.000085	0.005454	0.004897
1157	0.000185	0.006241	0.005684
1158	0.000285	0.007002	0.006447
1159	0.000383	0.007734	0.007183
1160	0.000480	0.008434	0.007889
1161	0.000574	0.009100	0.008563
1162	0.000666	0.009728	0.009202
1163	0.000756	0.010317	0.009803
1164	0.000842	0.010865	0.010365
1165	0.000924	0.011368	0.010884
1166	0.001003	0.011826	0.011360
1167	0.001077	0.012236	0.011790
1168	0.001147	0.012597	0.012172
1169	0.001213	0.012908	0.012506
1170	0.001273	0.013168	0.012790
1171	0.001328	0.013374	0.013023
1172	0.001378	0.013528	0.013203
1173	0.001422	0.013628	0.013332
1174	0.001461	0.013674	0.013407
1175	0.001493	0.013666	0.013429
1176	0.001520	0.013604	0.013399
1177	0.001540	0.013488	0.013315
1178	0.001554	0.013320	0.013179
1179	0.001563	0.013099	0.012990
1180	0.001564	0.012826	0.012751
1181	0.001560	0.012503	0.012462
1182	0.001549	0.012132	0.012124
1183	0.001533	0.011713	0.011739
1184	0.001510	0.011249	0.011308
1185	0.001481	0.010741	0.010833
1186	0.001446	0.010192	0.010316
1187	0.001406	0.009603	0.009759
1188	0.001360	0.008977	0.009164
1189	0.001309	0.008317	0.008535
1190	0.001253	0.007625	0.007872
1191	0.001192	0.006904	0.007180
1192	0.001126	0.006157	0.006460
1193	0.001056	0.005387	0.005716
1194	0.000981	0.004597	0.004951
1195	0.000904	0.003791	0.004167
1196	0.000822	0.002970	0.003369
1197	0.000738	0.002139	0.002558
1198	0.000650	0.001302	0.001738
1199	0.000561	0.000460	0.000914
1200	0.000469	-0.000382	0.000086
1201	0.000375	-0.001221	-0.000740
1202	0.000280	-0.002054	-0.001561
1203	0.000185	-0.002877	-0.002376
1204	0.000088	-0.003688	-0.003179
1205	-0.000008	-0.004482	-0.003969
1206	-0.000104	-0.005258	-0.004741
1207	-0.000200	-0.006011	-0.005494
1208	-0.000295	-0.006740	-0.006223
1209	-0.000388	-0.007441	-0.006927
1210	-0.000480	-0.008111	-0.007602
1211	-0.000569	-0.008748	-0.008246
1212	-0.000656	-0.009349	-0.008856
1213	-0.000741	-0.009913	-0.009430
1214	-0.000822	-0.010436	-0.009966
1215	-0.000900	-0.010918	-0.010462
1216	-0.000974	-0.011355	-0.010916
1217	-0.001044	-0.011747	-0.011325
1218	-0.001109	-0.012092	-0.011689
1219	-0.001171	-0.012388	-0.012007
1220	-0.001227	-0.012635	-0.012276
1221	-0.001278	-0.012832	-0.012497
1222	-0.001325	-0.012978	-0.012667
1223	-0.001366	-0.013072	-0.012787
1224	-0.001401	-0.013115	-0.012857
1225	-0.001431	-0.013105	-0.012876
1226	-0.001455	-0.013044	-0.012843
1227	-0.001473	-0.012932	-0.012760
1228	-0.001485	-0.012768	-0.012627
1229	-0.001492	-0.012555	-0.012444
1230	-0.001492	-0.012292	-0.012212
1231	-0.001487	-0.011981	-0.011932
1232	-0.001475	-0.011623	-0.011606
1233	-0.001458	-0.011220	-0.011234
1234	-0.001435	-0.010773	-0.010818
1235	-0.001406	-0.010285	-0.010360
1236	-0.001372	-0.009756	-0.009862
1237	-0.001332	-0.009190	-0.009326
1238	-0.001287	-0.008589	-0.008754
1239	-0.001237	-0.007954	-0.008148
1240	-0.001182	-0.007290	-0.007511
1241	-0.001123	-0.006597	-0.006846
1242	-0.001059	-0.005880	-0.006154
1243	-0.000992	-0.005140	-0.005439
1244	-0.000920	-0.004382	-0.004704
1245	-0.000845	-0.003607	-0.003951
1246	-0.000766	-0.002819	-0.003184
1247	-0.000685	-0.002022	-0.002406
1248	-0.000601	-0.001217	-0.001619
1249	-0.000515	-0.000410	-0.000828
1250	-0.000427	0.000399	-0.000034
1251	-0.000337	0.001204	0.000758
1252	-0.000247	0.002003	0.001547
1253	-0.000155	0.002793	0.002328
1254	-0.000063	0.003571	0.003098
1255	0.000029	0.004333	0.003855
1256	0.000121	0.005077	0.004595
1257	0.000212	0.005800	0.005317
1258	0.000302	0.006499	0.006016
1259	0.000391	0.007171	0.006690
1260	0.000478	0.007813	0.007336
1261	0.000563	0.008424	0.007953
1262	0.000646	0.009000	0.008537
1263	0.000726	0.009540	0.009086
1264	0.000802	0.010042	0.009599
1265	0.000876	0.010503	0.010072
1266	0.000946	0.010921	0.010506
1267	0.001012	0.011296	0.010897
1268	0.001074	0.011626	0.011244
1269	0.001131	0.011909	0.011546
1270	0.001184	0.012145	0.011803
1271	0.001233	0.012333	0.012012
1272	0.001276	0.012471	0.012173
1273	0.001314	0.012560	0.012286
1274	0.001346	0.012599	0.012350
1275	0.001374	0.012589	0.012366
1276	0.001395	0.012529	0.012332
1277	0.001412	0.012419	0.012250
1278	0.001422	0.012260	0.012119
1279	0.001427	0.012054	0.011941
1280	0.001426	0.011800	0.011716
1281	0.001420	0.011500	0.011445
1282	0.001407	0.011154	0.011129
1283	0.001390	0.010766	0.010769
1284	0.001366	0.010335	0.010368
1285	0.001338	0.009864	0.009926
1286	0.001304	0.009356	0.009446
1287	0.001265	0.008810	0.008929
1288	0.001221	0.008231	0.008377
1289	0.001172	0.007621	0.007794
1290	0.001119	0.006981	0.007180
1291	0.001061	0.006315	0.006539
1292	0.000999	0.005624	0.005873
1293	0.000934	0.004913	0.005185
1294	0.000865	0.004183	0.004478
1295	0.000792	0.003438	0.003754
1296	0.000716	0.002680	0.003016
1297	0.000638	0.001913	0.002268
1298	0.000557	0.001140	0.001512
1299	0.000474	0.000363	0.000750
1300	0.000390	-0.000413	-0.000012
1301	0.000304	-0.001187	-0.000774
1302	0.000217	-0.001956	-0.001531
1303	0.000129	-0.002715	-0.002282
1304	0.000041	-0.003462	-0.003022
1305	-0.000047	-0.004195	-0.003748
1306	-0.000135	-0.004910	-0.004459
1307	-0.000222	-0.005604	-0.005152
1308	-0.000308	-0.006275	-0.005822
1309	-0.000393	-0.006921	-0.006469
1310	-0.000475	-0.007538	-0.007089
1311	-0.000556	-0.008124	-0.007681
1312	-0.000635	-0.008677	-0.008240
1313	-0.000711	-0.009195	-0.008767
1314	-0.000784	-0.009677	-0.009258
1315	-0.000854	-0.010119	-0.009712
1316	-0.000920	-0.010520	-0.010126
1317	-0.000982	-0.010880	-0.010500
1318	-0.001041	-0.011195	-0.010832
1319	-0.001095	-0.011467	-0.011121
1320	-0.001145	-0.011692	-0.011365
1321	-0.001190	-0.011871	-0.011564
1322	-0.001230	-0.012003	-0.011717
1323	-0.001265	-0.012087	-0.011823
1324	-0.001296	-0.012123	-0.011882
1325	-0.001321	-0.012112	-0.011895
1326	-0.001340	-0.012052	-0.011860
1327	-0.001355	-0.011945	-0.011778
1328	-0.001364	-0.011791	-0.011650
1329	-0.001367	-0.011591	-0.011477
1330	-0.001366	-0.011345	-0.011258
1331	-0.001358	-0.011055	-0.010995
1332	-0.001345	-0.010721	-0.010689
1333	-0.001327	-0.010346	-0.010341
1334	-0.001304	-0.009930	-0.009953
1335	-0.001276	-0.009476	-0.009526
1336	-0.001242	-0.008985	-0.009062
1337	-0.001204	-0.008459	-0.008562
1338	-0.001161	-0.007901	-0.008030
1339	-0.001113	-0.007312	-0.007467
1340	-0.001061	-0.006696	-0.006875
1341	-0.001005	-0.006054	-0.006257
1342	-0.000945	-0.005388	-0.005615
1343	-0.000882	-0.004703	-0.004952
1344	-0.000815	-0.004000	-0.004271
1345	-0.000744	-0.003282	-0.003573
1346	-0.000671	-0.002552	-0.002862
1347	-0.000596	-0.001814	-0.002141
1348	-0.000518	-0.001069	-0.001413
1349	-0.000438	-0.000321	-0.000680
1350	-0.000357	0.000427	0.000054
1351	-0.000274	0.001172	0.000787
1352	-0.000191	0.001911	0.001516
1353	-0.000107	0.002642	0.002237
1354	-0.000022	0.003361	0.002949
1355	0.000062	0.004066	0.003648
1356	0.000146	0.004754	0.004332
1357	0.000230	0.005422	0.004998
1358	0.000312	0.006068	0.005642
1359	0.000393	0.006689	0.006264
1360	0.000472	0.007282	0.006860
1361	0.000549	0.007846	0.007428
1362	0.000624	0.008378	0.007965
1363	0.000697	0.008876	0.008471
1364	0.000766	0.009338	0.008942
1365	0.000832	0.009763	0.009377
1366	0.000895	0.010148	0.009774
1367	0.000954	0.010493	0.010132
1368	0.001009	0.010796	0.010450
1369	0.001061	0.011056	0.010726
1370	0.001108	0.011272	0.010959
1371	0.001150	0.011443	0.011148
1372	0.001188	0.011568	0.011293
1373	0.001221	0.011648	0.011393
1374	0.001249	0.011682	0.011448
1375	0.001272	0.011669	0.011458
1376	0.001290	0.011610	0.011422
1377	0.001303	0.011506	0.011342
1378	0.001310	0.011356	0.011216
1379	0.001313	0.011162	0.011047
1380	0.001310	0.010923	0.010834
1381	0.001302	0.010642	0.010578
1382	0.001289	0.010320	0.010281
1383	0.001270	0.009957	0.009944
1384	0.001247	0.009555	0.009568
1385	0.001219	0.009116	0.009155
1386	0.001186	0.008642	0.008706
1387	0.001148	0.008134	0.008224
1388	0.001106	0.007595	0.007709
1389	0.001059	0.007027	0.007165
1390	0.001009	0.006431	0.006594
1391	0.000954	0.005812	0.005997
1392	0.000896	0.005170	0.005377
1393	0.000834	0.004509	0.004737
1394	0.000769	0.003830	0.004079
1395	0.000701	0.003138	0.003406
1396	0.000631	0.002434	0.002721
1397	0.000558	0.001722	0.002026
1398	0.000483	0.001004	0.001323
1399	0.000406	0.000283	0.000617
1400	0.000327	-0.000439	-0.000091
1401	0.000248	-0.001157	-0.000797
1402	0.000167	-0.001870	-0.001500
1403	0.000087	-0.002574	-0.002195
1404	0.000005	-0.003267	-0.002881
1405	-0.000076	-0.003947	-0.003554
1406	-0.000156	-0.004609	-0.004213
1407	-0.000236	-0.005253	-0.004853
1408	-0.000315	-0.005875	-0.005474
1409	-0.000392	-0.006473	-0.006072
1410	-0.000468	-0.007044	-0.006645
1411	-0.000542	-0.007587	-0.007192
1412	-0.000614	-0.008099	-0.007709
1413	-0.000683	-0.008579	-0.008194
1414	-0.000749	-0.009023	-0.008647
1415	-0.000812	-0.009432	-0.009065
1416	-0.000871	-0.009803	-0.009446
1417	-0.000928	-0.010134	-0.009790
1418	-0.000980	-0.010425	-0.010094
1419	-0.001028	-0.010674	-0.010358
1420	-0.001073	-0.010881	-0.010581
1421	-0.001113	-0.011045	-0.010762
1422	-0.001148	-0.011165	-0.010900
1423	-0.001179	-0.011240	-0.010994
1424	-0.001205	-0.011271	-0.011045
1425	-0.001226	-0.011257	-0.011052
1426	-0.001243	-0.011199	-0.011016
1427	-0.001254	-0.011097	-0.010936
1428	-0.001261	-0.010951	-0.010813
1429	-0.001262	-0.010762	-0.010647
1430	-0.001258	-0.010531	-0.010440
1431	-0.001250	-0.010259	-0.010192
1432	-0.001236	-0.009946	-0.009903
1433	-0.001218	-0.009595	-0.009576
1434	-0.001195	-0.009206	-0.009212
1435	-0.001167	-0.008781	-0.008811
1436	-0.001134	-0.008323	-0.008377
1437	-0.001097	-0.007832	-0.007910
1438	-0.001056	-0.007311	-0.007412
1439	-0.001010	-0.006761	-0.006886
1440	-0.000961	-0.006186	-0.006333
1441	-0.000908	-0.005587	-0.005756
1442	-0.000851	-0.004967	-0.005157
1443	-0.000791	-0.004328	-0.004538
1444	-0.000728	-0.003673	-0.003903
1445	-0.000662	-0.003004	-0.003253
1446	-0.000594	-0.002324	-0.002590
1447	-0.000523	-0.001637	-0.001919
1448	-0.000451	-0.000943	-0.001241
1449	-0.000377	-0.000247	-0.000559
1450	-0.000301	0.000449	0.000124
1451	-0.000224	0.001143	0.000806
1452	-0.000147	0.001831	0.001484
1453	-0.000069	0.002510	0.002155
1454	0.000009	0.003179	0.002816
1455	0.000087	0.003835	0.003466
1456	0.000165	0.004474	0.004100
1457	0.000241	0.005095	0.004718
1458	0.000317	0.005695	0.005316
1459	0.000391	0.006272	0.005893
1460	0.000464	0.006823	0.006445
1461	0.000535	0.007346	0.006971
1462	0.000603	0.007839	0.007469
1463	0.000669	0.008301	0.007936
1464	0.000732	0.008730	0.008372
1465	0.000792	0.009123	0.008774
1466	0.000849	0.009480	0.009141
1467	0.000903	0.009799	0.009471
1468	0.000952	0.010079	0.009763
1469	0.000998	0.010319	0.010016
1470	0.001040	0.010517	0.010229
1471	0.001078	0.010674	0.010402
1472	0.001111	0.010788	0.010533
1473	0.001140	0.010860	0.010622
1474	0.001164	0.010888	0.010670
1475	0.001184	0.010874	0.010675
1476	0.001199	0.010817	0.010637
1477	0.001209	0.010717	0.010558
1478	0.001215	0.010574	0.010438
1479	0.001215	0.010391	0.010276
1480	0.001211	0.010166	0.010073
1481	0.001202	0.009902	0.009832
1482	0.001188	0.009598	0.009551
1483	0.001169	0.009258	0.009234
1484	0.001146	0.008881	0.008880
1485	0.001118	0.008470	0.008492
1486	0.001086	0.008025	0.008070
1487	0.001050	0.007550	0.007618
1488	0.001009	0.007046	0.007135
1489	0.000965	0.006514	0.006626
1490	0.000917	0.005957	0.006090
1491	0.000865	0.005378	0.005532
1492	0.000810	0.004778	0.004952
1493	0.000752	0.004160	0.004354
1494	0.000690	0.003526	0.003739
1495	0.000627	0.002880	0.003110
1496	0.000560	0.002222	0.002470
1497	0.000492	0.001557	0.001821
1498	0.000422	0.000887	0.001165
1499	0.000350	0.000214	0.000506
1500	0.000277	-0.000459	-0.000154
1501	0.000203	-0.001129	-0.000813
1502	0.000128	-0.001794	-0.001468
1503	0.000053	-0.002451	-0.002116
1504	-0.000022	-0.003097	-0.002755
1505	-0.000097	-0.003730	-0.003382
1506	-0.000172	-0.004348	-0.003995
1507	-0.000246	-0.004947	-0.004591
1508	-0.000318	-0.005527	-0.005168
1509	-0.000390	-0.006083	-0.005724
1510	-0.000459	-0.006615	-0.006257
1511	-0.000527	-0.007120	-0.006764
1512	-0.000592	-0.007597	-0.007244
1513	-0.000656	-0.008042	-0.007695
1514	-0.000716	-0.008456	-0.008115
1515	-0.000773	-0.008835	-0.008502
1516	-0.000828	-0.009179	-0.008855
1517	-0.000879	-0.009486	-0.009172
1518	-0.000926	-0.009756	-0.009453
1519	-0.000970	-0.009986	-0.009696
1520	-0.001009	-0.010177	-0.009900
1521	-0.001045	-0.010327	-0.010065
1522	-0.001077	-0.010437	-0.010190
1523	-0.001104	-0.010504	-0.010275
1524	-0.001126	-0.010531	-0.010319
1525	-0.001145	-0.010516	-0.010322
1526	-0.001158	-0.010459	-0.010284
1527	-0.001167	-0.010361	-0.010205
1528	-0.001172	-0.010222	-0.010087
1529	-0.001171	-0.010043	-0.009929
1530	-0.001167	-0.009825	-0.009731
1531	-0.001157	-0.009568	-0.009496
1532	-0.001143	-0.009273	-0.009223
1533	-0.001124	-0.008943	-0.008914
1534	-0.001101	-0.008577	-0.008570
1535	-0.001074	-0.008178	-0.008193
1536	-0.001042	-0.007748	-0.007784
1537	-0.001006	-0.007287	-0.007345
1538	-0.000967	-0.006798	-0.006878
1539	-0.000923	-0.006283	-0.006383
1540	-0.000876	-0.005744	-0.005865
1541	-0.000826	-0.005182	-0.005323
1542	-0.000772	-0.004601	-0.004762
1543	-0.000715	-0.004003	-0.004182
1544	-0.000656	-0.003389	-0.003587
1545	-0.000594	-0.002763	-0.002978
1546	-0.000530	-0.002127	-0.002358
1547	-0.000463	-0.001484	-0.001730
1548	-0.000395	-0.000835	-0.001095
1549	-0.000326	-0.000184	-0.000457
1550	-0.000255	0.000467	0.000182
1551	-0.000184	0.001116	0.000819
1552	-0.000112	0.001759	0.001452
1553	-0.000039	0.002394	0.002079
1554	0.000034	0.003019	0.002696
1555	0.000106	0.003632	0.003303
1556	0.000178	0.004229	0.003895
1557	0.000249	0.004809	0.004471
1558	0.000319	0.005369	0.005029
1559	0.000387	0.005907	0.005566
1560	0.000454	0.006421	0.006081
1561	0.000519	0.006909	0.006570
1562	0.000582	0.007369	0.007034
1563	0.000643	0.007800	0.007468
1564	0.000701	0.008199	0.007873
1565	0.000756	0.008565	0.008246
1566	0.000807	0.008897	0.008586
1567	0.000856	0.009193	0.008892
1568	0.000901	0.009453	0.009162
1569	0.000943	0.009675	0.009396
1570	0.000981	0.009858	0.009592
1571	0.001014	0.010003	0.009750
1572	0.001044	0.010107	0.009869
1573	0.001070	0.010172	0.009949
1574	0.001091	0.010196	0.009990
1575	0.001108	0.010180	0.009991
1576	0.001120	0.010124	0.009953
1577	0.001128	0.010028	0.009875
1578	0.001132	0.009892	0.009759
1579	0.001131	0.009718	0.009604
1580	0.001125	0.009505	0.009411
1581	0.001115	0.009255	0.009181
1582	0.001101	0.008969	0.008916
1583	0.001082	0.008648	0.008615
1584	0.001060	0.008293	0.008281
1585	0.001032	0.007906	0.007915
1586	0.001001	0.007488	0.007517
1587	0.000966	0.007040	0.007091
1588	0.000927	0.006566	0.006637
1589	0.000885	0.006067	0.006157
1590	0.000839	0.005544	0.005654
1591	0.000789	0.004999	0.005129
1592	0.000737	0.004436	0.004584
1593	0.000682	0.003856	0.004022
1594	0.000624	0.003262	0.003445
1595	0.000564	0.002655	0.002855
1596	0.000502	0.002038	0.002254
1597	0.000437	0.001415	0.001645
1598	0.000371	0.000786	0.001030
1599	0.000304	0.000155	0.000413
1600	0.000236	-0.000475	-0.000206
1601	0.000166	-0.001103	-0.000823
1602	0.000097	-0.001726	-0.001436
1603	0.000027	-0.002341	-0.002043
1604	-0.000044	-0.002947	-0.002641
1605	-0.000113	-0.003540	-0.003228
1606	-0.000183	-0.004118	-0.003801
1607	-0.000251	-0.004679	-0.004358
1608	-0.000319	-0.005221	-0.004898
1609	-0.000385	-0.005741	-0.005417
1610	-0.000449	-0.006239	-0.005915
1611	-0.000512	-0.006711	-0.006388
1612	-0.000572	-0.007156	-0.006836
1613	-0.000630	-0.007572	-0.007256
1614	-0.000686	-0.007958	-0.007646
1615	-0.000738	-0.008312	-0.008006
1616	-0.000788	-0.008632	-0.008334
1617	-0.000835	-0.008918	-0.008629
1618	-0.000878	-0.009169	-0.008889
1619	-0.000917	-0.009383	-0.009114
1620	-0.000953	-0.009559	-0.009303
1621	-0.000985	-0.009698	-0.009454
1622	-0.001014	-0.009798	-0.009568
1623	-0.001038	-0.009860	-0.009644
1624	-0.001058	-0.009882	-0.009682
1625	-0.001073	-0.009865	-0.009681
1626	-0.001085	-0.009810	-0.009642
1627	-0.001092	-0.009715	-0.009566
1628	-0.001094	-0.009583	-0.009451
1629	-0.001093	-0.009412	-0.009299
1630	-0.001087	-0.009205	-0.009111
1631	-0.001077	-0.008962	-0.008887
1632	-0.001062	-0.008683	-0.008628
1633	-0.001044	-0.008371	-0.008335
1634	-0.001021	-0.008026	-0.008010
1635	-0.000994	-0.007650	-0.007653
1636	-0.000963	-0.007244	-0.007267
1637	-0.000929	-0.006809	-0.006852
1638	-0.000891	-0.006349	-0.006411
1639	-0.000849	-0.005864	-0.005945
1640	-0.000804	-0.005356	-0.005456
1641	-0.000756	-0.004828	-0.004947
1642	-0.000705	-0.004281	-0.004418
1643	-0.000651	-0.003718	-0.003872
1644	-0.000595	-0.003142	-0.003312
1645	-0.000536	-0.002553	-0.002740
1646	-0.000476	-0.001955	-0.002157
1647	-0.000413	-0.001350	-0.001566
1648	-0.000349	-0.000741	-0.000970
1649	-0.000284	-0.000129	-0.000371
1650	-0.000218	0.000483	0.000229
1651	-0.000151	0.001091	0.000827
1652	-0.000083	0.001695	0.001421
1653	-0.000015	0.002291	0.002009
1654	0.000052	0.002878	0.002588
1655	0.000120	0.003453	0.003157
1656	0.000187	0.004013	0.003712
1657	0.000253	0.004556	0.004251
1658	0.000318	0.005081	0.004774
1659	0.000382	0.005586	0.005277
1660	0.000444	0.006067	0.005758
1661	0.000504	0.006524	0.006216
1662	0.000562	0.006955	0.006649
1663	0.000618	0.007358	0.007055
1664	0.000671	0.007731	0.007433
1665	0.000722	0.008073	0.007781
1666	0.000770	0.008383	0.008097
1667	0.000814	0.008660	0.008382
1668	0.000855	0.008901	0.008633
1669	0.000893	0.009108	0.008849
1670	0.000928	0.009278	0.009031
1671	0.000958	0.009412	0.009176
1672	0.000985	0.009508	0.009285
1673	0.001007	0.009566	0.009357
1674	0.001026	0.009586	0.009392
1675	0.001041	0.009569	0.009390
1676	0.001051	0.009514	0.009351
1677	0.001057	0.009421	0.009275
1678	0.001059	0.009292	0.009162
1679	0.001057	0.009125	0.009013
1680	0.001051	0.008923	0.008829
1681	0.001041	0.008686	0.008610
1682	0.001026	0.008415	0.008357
1683	0.001007	0.008111	0.008072
1684	0.000985	0.007775	0.007755
1685	0.000958	0.007409	0.007408
1686	0.000928	0.007014	0.007032
1687	0.000894	0.006592	0.006629
1688	0.000856	0.006144	0.006200
1689	0.000816	0.005673	0.005747
1690	0.000772	0.005180	0.005271
1691	0.000725	0.004667	0.004776
1692	0.000675	0.004136	0.004262
1693	0.000623	0.003589	0.003732
1694	0.000568	0.003029	0.003188
1695	0.000511	0.002457	0.002632
1696	0.000452	0.001877	0.002066
1697	0.000391	0.001290	0.001493
1698	0.000329	0.000698	0.000914
1699	0.000266	0.000104	0.000333
1700	0.000202	-0.000489	-0.000249
1701	0.000136	-0.001080	-0.000830
1702	0.000071	-0.001666	-0.001406
1703	0.000005	-0.002244	-0.001976
1704	-0.000060	-0.002813	-0.002538
1705	-0.000126	-0.003370	-0.003089
1706	-0.000190	-0.003914	-0.003627
1707	-0.000254	-0.004441	-0.004150
1708	-0.000317	-0.004950	-0.004657
1709	-0.000379	-0.005439	-0.005144
1710	-0.000438	-0.005906	-0.005610
1711	-0.000497	-0.006348	-0.006054
1712	-0.000553	-0.006766	-0.006473
1713	-0.000606	-0.007156	-0.006866
1714	-0.000658	-0.007517	-0.007231
1715	-0.000706	-0.007849	-0.007568
1716	-0.000752	-0.008149	-0.007874
1717	-0.000795	-0.008416	-0.008149
1718	-0.000834	-0.008650	-0.008391
1719	-0.000870	-0.008849	-0.008600
1720	-0.000903	-0.009013	-0.008774
1721	-0.000932	-0.009142	-0.008914
1722	-0.000957	-0.009234	-0.009018
1723	-0.000979	-0.009289	-0.009086
1724	-0.000997	-0.009308	-0.009119
1725	-0.001010	-0.009290	-0.009115
1726	-0.001020	-0.009236	-0.009076
1727	-0.001025	-0.009145	-0.009000
1728	-0.001027	-0.009017	-0.008890
1729	-0.001024	-0.008855	-0.008744
1730	-0.001017	-0.008658	-0.008563
1731	-0.001007	-0.008426	-0.008350
1732	-0.000992	-0.008162	-0.008103
1733	-0.000973	-0.007866	-0.007825
1734	-0.000951	-0.007539	-0.007516
1735	-0.000925	-0.007182	-0.007177
1736	-0.000895	-0.006798	-0.006811
1737	-0.000861	-0.006387	-0.006418
1738	-0.000825	-0.005952	-0.006001
1739	-0.000785	-0.005493	-0.005560
1740	-0.000742	-0.005014	-0.005097
1741	-0.000696	-0.004515	-0.004616
1742	-0.000647	-0.003999	-0.004116
1743	-0.000596	-0.003467	-0.003601
1744	-0.000543	-0.002923	-0.003072
1745	-0.000487	-0.002367	-0.002531
1746	-0.000430	-0.001803	-0.001981
1747	-0.000371	-0.001233	-0.001424
1748	-0.000311	-0.000658	-0.000862
1749	-0.000249	-0.000081	-0.000297
1750	-0.000187	0.000495	0.000268
1751	-0.000123	0.001069	0.000832
1752	-0.000060	0.001638	0.001391
1753	0.000004	0.002200	0.001945
1754	0.000067	0.002752	0.002490
1755	0.000131	0.003293	0.003025
1756	0.000193	0.003820	0.003547
1757	0.000255	0.004332	0.004055
1758	0.000316	0.004826	0.004546
1759	0.000375	0.005300	0.005018
1760	0.000433	0.005753	0.005470
1761	0.000489	0.006183	0.005900
1762	0.000543	0.006587	0.006306
1763	0.000595	0.006965	0.006687
1764	0.000644	0.007316	0.007041
1765	0.000691	0.007637	0.007367
1766	0.000735	0.007927	0.007663
1767	0.000776	0.008186	0.007929
1768	0.000814	0.008412	0.008162
1769	0.000849	0.008605	0.008364
1770	0.000880	0.008763	0.008532
1771	0.000908	0.008887	0.008666
1772	0.000932	0.008976	0.008766
1773	0.000952	0.009028	0.008831
1774	0.000969	0.009046	0.008861
1775	0.000981	0.009027	0.008857
1776	0.000990	0.008973	0.008817
1777	0.000995	0.008883	0.008742
1778	0.000996	0.008759	0.008633
1779	0.000993	0.008600	0.008490
1780	0.000986	0.008407	0.008313
1781	0.000975	0.008181	0.008104
1782	0.000960	0.007923	0.007863
1783	0.000941	0.007634	0.007591
1784	0.000919	0.007316	0.007290
1785	0.000893	0.006969	0.006960
1786	0.000864	0.006594	0.006603
1787	0.000831	0.006194	0.006220
1788	0.000795	0.005770	0.005813
1789	0.000756	0.005324	0.005384
1790	0.000714	0.004857	0.004934
1791	0.000669	0.004372	0.004465
1792	0.000621	0.003869	0.003978
1793	0.000572	0.003352	0.003477
1794	0.000520	0.002823	0.002962
1795	0.000465	0.002283	0.002436
1796	0.000410	0.001734	0.001902
1797	0.000352	0.001179	0.001360
1798	0.000293	0.000620	0.000813
1799	0.000234	0.000060	0.000264
1800	0.000173	-0.000501	-0.000285
